PAGE 49 783.0
37.9 160.0 FORD
119.8 190.4 2003
146.0 190.4 2012
167.4 190.4 All
194.2 190.4 1X-1706X
119.8 224.8 1998
146.0 224.8 2002
167.4 224.8 All
194.2 224.8 1X-1706X
119.8 246.4 1997
146.0 246.4 1997
167.4 246.4 All
194.2 246.4 1X-1706X
247.1 246.4 1196FD/H75
167.4 255.1 Ignition/
37.9 259.3 CROWN
65.4 259.3 VICTORIA
194.2 259.3 A-B-C-D-E
247.1 259.3 1193FD/H67
119.8 263.7 1993
146.0 263.7 1996
167.4 263.6 Door
167.4 272.3 Trunk
194.2 272.3 FB0-FB1863
247.1 272.3 S1167FD/H50
167.4 281.0 Ignition/
194.2 285.2 A-B-C-D-E
247.1 285.2 1184FD/H54
167.4 289.5 Door
119.8 293.8 1990
146.0 293.8 1992
167.4 298.2 Trunk/
194.2 302.4 FB0-FB1863
247.1 302.4 S1167FD/H50
167.4 306.7 GB
167.4 315.4 Door/
167.4 323.9 Trunk/
194.2 323.9 FB0-FB1863
247.1 323.9 S1167FD/H50
119.8 328.2 1981
146.0 328.2 1989
167.4 332.4 GB
167.4 341.1 Ignition
194.2 341.1 FA0-FA1863
247.1 341.1 1167FD/H51
