PAGE 49 783.0
37.9 320.0 FORD
37.9 349.8 ECOSPORT
76.8 349.8 W/
86.8 349.8 REG
119.8 354.6 2018
146.0 354.6 2023
167.4 354.6 All
194.2 354.6 1-4,000
247.1 354.6 H128-PT
37.9 359.4 IGNITION
37.9 368.1 ECOSPORT
76.8 368.1 W/
86.8 368.1 PROX
119.8 368.1 2018
146.0 368.1 2023
167.4 368.1 All
194.2 368.1 10,001-11,500
247.1 368.1 OEM#
267.5 368.1 164-R8163
37.9 376.8 EDGE
56.9 376.8 W/
66.0 376.8 REG
80.9 376.8 IGNITION
119.8 376.8 2015
146.0 376.8 2023
167.4 376.8 All
194.2 376.8 1-4,000
247.1 376.8 H128-PT
119.8 389.8 2011
146.0 389.8 2015
167.4 389.8 All
194.2 389.8 1X-1706X
247.1 389.8 H92-PT
271.4 389.8 (LAL)
37.9 402.2 EDGE
58.5 402.2 W/
68.6 402.2 POWER
247.1 402.7 H84-GTS/T80+
119.8 407.0 2011
146.0 407.0 2015
167.4 407.0 All
194.2 407.0 1X-1706X
37.9 411.8 LIFTGATE
