PAGE 127 783.0
37.9 300.0 TOYOTA
167.4 314.5 Valet
194.2 314.5 G1-G2377
247.1 314.5 X219/TR48
37.9 322.8 COROLLA
71.3 322.8 SEDAN,
167.4 323.2 All
194.2 323.2 G1-G2377
247.1 323.2 X174/TR40
282.1 323.2 [-P,
293.3 323.2 -PC]
119.8 327.6 1988
146.0 327.6 1990
37.9 332.4 COUPE,
65.1 332.4 HARDTOP
167.4 331.9 Valet
194.2 331.9 G1-G2377
247.1 331.9 X219/TR48
119.8 340.6 1983
146.0 340.6 1987
167.4 340.6 All
194.2 340.6 K1-K4570
247.1 340.6 X137/TR33
282.1 340.6 [-P,
293.3 340.6 -PC]
119.8 349.3 1981
146.0 349.3 1982
167.4 349.3 All
194.2 349.3 K1-K4570
247.1 349.3 T61C/T61C
282.8 349.3 [-P]
119.8 358.0 1993
146.0 358.0 1995
167.4 358.0 All
194.2 358.0 N1-N2000
247.1 358.0 X223/TR53
282.1 358.0 [-P]
37.9 361.5 COROLLA
71.3 361.5 WAGON,
119.8 366.7 1988
146.0 366.7 1992
167.4 366.7 All
194.2 366.7 S1-S2878
247.1 366.7 X151/TR39
37.9 371.1 COROLLA
71.3 371.1 STATION
194.2 375.4 1001-2500
247.1 375.4 TR25/TR25
119.8 379.8 1981
146.0 379.8 1987
167.4 379.8 All
37.9 380.7 WAGON
65.5 380.7 2WD
194.2 384.1 G1-G2377
247.1 384.1 X174/TR40
282.1 384.1 [-P,
293.3 384.1 -PC]
37.9 392.8 COROLLA,
73.1 392.8 FX,
85.3 392.8 FX16
119.8 392.8 1987
146.0 392.8 1988
167.4 392.8 All
194.2 392.8 S1-S699
247.1 392.8 X146/B56
37.9 401.5 CORONA
119.8 401.5 1981
146.0 401.5 1982
167.4 401.5 All
194.2 401.5 P7001-P8500
247.1 401.5 X37/TR28
278.4 401.5 [-P]
37.9 410.2 CRESSIDA
119.8 410.2 1981
146.0 410.2 1987
167.4 410.2 All
194.2 410.2 5001-6500
247.1 410.2 TR25/TR25
167.4 419.0 All
194.2 419.0 X1-X2248
247.1 419.0 X174/TR40
282.1 419.0 [-P,
293.3 419.0 -PC]
119.8 423.3 1989
146.0 423.3 1992
37.9 427.7 CRESSIDA
73.5 427.7 SEDAN
167.4 427.7 Valet
194.2 427.7 X1-X2248
247.1 427.7 X219/TR48
119.8 436.4 1981
146.0 436.4 1988
167.4 436.4 All
194.2 436.4 F5951-F9710
247.1 436.4 X159/TR37
282.1 436.4 [-P]
